20 20
0.752154 1.745985 0.442031 1.521692 1.197782 1.937572 0.568526 1.707565 1.025076 0.756816 1.283543 1.067153 1.601259 1.190073 1.468247 0.364880 0.902108 1.585528 1.195816 1.519004 
0.636549 1.368260 1.309806 0.519657 0.195405 0.613997 0.863062 0.704146 1.649694 0.867173 1.599170 0.461189 0.693713 1.904524 1.875560 1.024364 1.183727 0.136097 0.344155 1.070253 
1.401254 1.950233 1.060773 1.001028 0.678379 0.741629 0.820143 0.850107 0.707203 0.995815 1.805490 1.204627 1.019378 0.798816 0.656792 0.880980 1.231301 1.110353 1.491276 1.008258 
1.778453 0.794842 0.686754 1.012875 1.164634 1.588814 0.995993 1.630244 0.874624 0.379447 1.016476 1.360983 0.812902 1.503351 1.069233 0.848405 1.420642 1.320216 1.428163 0.740605 
1.554236 0.758590 1.176842 1.770940 0.981841 0.651501 1.303096 1.268342 0.727555 0.619698 0.645069 1.790211 0.666430 1.103630 1.488611 1.594532 1.061544 0.984993 1.470364 1.344058 
1.026790 0.818170 0.698499 1.302939 1.467448 0.345600 1.026798 0.486523 0.921688 1.775586 1.604097 0.703215 0.846709 1.032518 1.326310 1.205293 0.512410 1.035770 1.460468 0.492356 
1.050474 0.815304 1.471855 1.365955 1.217378 1.439277 1.071050 0.940269 1.001502 0.348598 0.846824 0.775206 0.050074 0.550293 0.641858 1.428949 0.285024 1.028775 1.512254 0.836963 
1.524323 0.812016 0.463598 0.278059 0.794550 0.196213 0.951543 1.510253 1.287816 0.898033 1.100241 0.834156 0.989346 1.036412 1.835945 1.305948 1.018755 0.404332 0.760215 0.791529 
0.645550 1.260420 0.281309 0.835924 0.777603 1.360034 0.592082 0.769433 0.125176 1.230905 1.213013 0.489855 0.929595 1.113765 0.500910 1.369456 0.968873 0.504577 0.913644 0.962033 
1.578994 0.739300 0.950827 0.716571 0.994602 0.814812 0.539036 0.475606 0.441891 0.971110 0.232488 1.036252 1.509156 0.062946 1.230312 1.437050 1.235726 1.099805 0.944370 0.585909 
0.823557 1.214548 1.267404 1.088842 0.906981 1.180312 0.728845 0.583317 1.423845 0.977615 0.684141 0.637849 0.979193 1.427253 1.086047 0.757421 0.875547 0.101444 0.417857 0.934791 
0.713570 1.289239 0.847030 1.408331 0.822816 0.541180 0.355058 1.086712 1.451125 1.426720 1.048662 1.221675 0.244281 0.423602 1.775959 0.880028 1.130332 0.318467 1.110499 0.911945 
1.095775 0.702912 1.088959 1.570916 0.973701 0.409106 1.198727 1.353406 1.370709 1.128628 0.751430 1.353799 0.614077 1.601229 1.455674 1.065354 0.336467 0.374739 1.001128 0.137149 
1.176983 1.064436 1.664140 1.000466 1.708563 1.246806 0.686510 1.303789 0.185280 0.646448 0.761286 1.326680 1.363151 1.596328 1.699581 1.248464 0.835890 1.048839 1.293159 0.525971 
1.016876 0.348869 0.621633 0.133932 1.166207 0.964689 0.623184 0.718545 0.882660 1.488362 0.142521 1.230190 1.675125 1.473731 0.987786 1.244898 1.264945 0.379247 0.186647 1.390949 
1.180141 1.333392 0.853176 0.949541 0.994806 1.014311 1.489821 1.015748 0.585880 1.018199 1.330005 0.924984 1.213721 0.947775 0.898721 0.841990 1.158578 0.854937 1.423793 0.846702 
0.396844 1.771478 1.637760 1.320107 0.707364 1.011873 1.707556 1.129123 1.055526 0.715783 1.194701 1.418502 1.167913 1.493191 0.896068 1.000639 1.852041 0.664667 1.089254 0.643602 
1.218187 0.344358 0.816792 0.774661 0.924465 1.533075 1.378291 0.608595 0.426471 0.884029 0.498876 1.626538 0.656218 1.435048 1.254214 1.786607 0.790792 1.106474 0.629294 0.853286 
0.551311 0.321676 1.291639 1.547953 0.897665 1.256666 1.166128 0.873816 1.196279 0.789721 1.511589 1.754176 0.782744 0.788255 1.033196 1.304332 1.043580 0.926345 1.101281 1.068155 
1.601463 1.867612 0.735395 1.256818 1.252131 0.867944 0.229457 1.058471 1.566821 0.879264 1.437608 0.747979 0.966335 1.330883 0.612959 1.207149 0.821461 1.085874 1.002100 0.000000 
